0.012095
0.080360
0.094109
0.106321
0.116625
0.122793
0.124135
0.124887
0.129175
0.129337
0.130297
0.132005
0.132489
0.132182
0.132241
0.132167
0.113381
0.128015
0.133830
0.140019
0.140851
0.143604
0.143887
0.145515
0.146633
0.147217
0.146901
0.147830
0.148031
0.148145
0.148049
0.148253
0.122537
0.132949
0.142541
0.146871
0.147809
0.151666
0.152744
0.154867
0.154204
0.155361
0.157237
0.155391
0.157202
0.157412
0.157513
0.157262
0.127962
0.139483
0.146488
0.148601
0.151182
0.152692
0.153764
0.154717
0.155997
0.157112
0.156796
0.157045
0.157719
0.157449
0.157684
0.157789
0.139562
0.148478
0.150334
0.156786
0.156665
0.160940
0.161069
0.161532
0.163147
0.163255
0.164078
0.163864
0.164810
0.164883
0.164596
0.164917
0.140914
0.152301
0.157544
0.159608
0.161931
0.162393
0.164943
0.165573
0.166151
0.166252
0.167046
0.167070
0.166621
0.167522
0.167746
0.167491
0.145209
0.153209
0.158208
0.159105
0.163376
0.165481
0.166824
0.167811
0.167394
0.168038
0.168865
0.169682
0.168544
0.169402
0.168783
0.169516
0.148111
0.156909
0.159091
0.163048
0.166693
0.167257
0.167945
0.169840
0.170568
0.170959
0.171174
0.171146
0.170830
0.171389
0.170985
0.171780
0.147501
0.156309
0.161838
0.166635
0.168240
0.168510
0.169729
0.171106
0.171787
0.172383
0.172699
0.172870
0.172434
0.173945
0.172982
0.172768
0.151956
0.160272
0.162786
0.165934
0.170425
0.171906
0.171851
0.172463
0.173365
0.173857
0.173528
0.174646
0.173750
0.174118
0.174658
0.173883
0.155700
0.164764
0.169991
0.172699
0.174508
0.175107
0.175457
0.176200
0.176997
0.178409
0.178201
0.178284
0.177781
0.178430
0.178509
0.178812
0.154836
0.164238
0.169652
0.171237
0.173258
0.174899
0.176044
0.177571
0.176853
0.177511
0.178187
0.178118
0.178754
0.178520
0.178187
0.177626
0.158770
0.167928
0.170502
0.174737
0.176041
0.177628
0.178111
0.179083
0.180078
0.180729
0.180709
0.180852
0.179873
0.180737
0.181219
0.180614
0.164364
0.169664
0.172923
0.177021
0.178512
0.181492
0.183204
0.183185
0.183501
0.183720
0.183158
0.184528
0.184867
0.185132
0.185386
0.184838
0.162366
0.171393
0.174996
0.177954
0.179811
0.181212
0.181639
0.182976
0.184230
0.184036
0.184422
0.184549
0.184461
0.184482
0.184532
0.184872
0.161854
0.169452
0.172904
0.178131
0.179692
0.179173
0.182028
0.182387
0.183997
0.183990
0.183888
0.183913
0.184190
0.185105
0.183926
0.183963
0.165331
0.171569
0.176895
0.179702
0.180440
0.182518
0.182413
0.182858
0.184651
0.185070
0.184694
0.185716
0.184283
0.186035
0.185823
0.186411
0.161438
0.172731
0.177709
0.182003
0.182017
0.184142
0.184970
0.185518
0.186675
0.186096
0.187261
0.187637
0.186922
0.187091
0.187961
0.187723
0.165137
0.172299
0.177207
0.180254
0.180971
0.183520
0.183649
0.184658
0.185249
0.185317
0.185397
0.186901
0.186972
0.186681
0.187248
0.186737
0.165365
0.173958
0.178068
0.182483
0.181966
0.184927
0.185531
0.186416
0.186726
0.187327
0.188009
0.187410
0.187544
0.188163
0.187910
0.187886
