0.031412
0.182294
0.201647
0.219956
0.235132
0.245353
0.246088
0.246103
0.254632
0.254868
0.255735
0.260382
0.260441
0.259574
0.259618
0.259191
0.230897
0.253132
0.261676
0.272632
0.272059
0.277279
0.277838
0.280779
0.280985
0.282750
0.281412
0.282809
0.284176
0.283132
0.283309
0.284088
0.244897
0.262176
0.276824
0.284353
0.284221
0.290191
0.292147
0.296544
0.294426
0.294618
0.300765
0.295118
0.299162
0.299588
0.299603
0.298779
0.255706
0.271632
0.282191
0.285632
0.288441
0.290853
0.292765
0.294926
0.296897
0.299574
0.297912
0.299118
0.300397
0.298588
0.299529
0.299706
0.271456
0.284662
0.286500
0.299132
0.298162
0.304779
0.304897
0.304088
0.308279
0.307691
0.308882
0.308500
0.310074
0.311103
0.310912
0.311176
0.272926
0.292676
0.301088
0.303647
0.306691
0.307353
0.311735
0.313176
0.313221
0.313985
0.315191
0.314059
0.314132
0.315221
0.316309
0.316294
0.279368
0.291103
0.299897
0.299250
0.309544
0.311471
0.314441
0.314103
0.314074
0.315029
0.316059
0.318397
0.315794
0.318500
0.316529
0.317118
0.284838
0.297412
0.302294
0.307662
0.313044
0.316412
0.315824
0.318676
0.320147
0.320559
0.320868
0.321294
0.319206
0.321529
0.319750
0.322088
0.282294
0.296353
0.304721
0.313103
0.315794
0.316059
0.317294
0.320676
0.320574
0.321324
0.322544
0.321603
0.320926
0.324191
0.322426
0.322088
0.288029
0.303382
0.306382
0.310809
0.317588
0.321338
0.318765
0.320721
0.321956
0.324235
0.322515
0.324956
0.323206
0.324147
0.324779
0.323647
0.294441
0.310044
0.318456
0.322265
0.325632
0.326897
0.326088
0.327191
0.328353
0.331353
0.330515
0.330985
0.329706
0.331882
0.331279
0.331559
0.291500
0.307309
0.316647
0.318618
0.322529
0.324456
0.327868
0.329059
0.327456
0.328118
0.330691
0.329706
0.331147
0.330912
0.330632
0.328750
0.296824
0.314235
0.316912
0.325353
0.326162
0.328765
0.328868
0.330868
0.331662
0.334147
0.333324
0.333574
0.330868
0.333397
0.333441
0.333412
0.309779
0.315926
0.319426
0.327250
0.329309
0.334882
0.337603
0.336676
0.336662
0.336912
0.334618
0.339000
0.338603
0.339515
0.340162
0.339059
0.304559
0.320309
0.325059
0.329015
0.331647
0.334103
0.335162
0.337574
0.339559
0.339265
0.339632
0.338941
0.339706
0.339691
0.339412
0.339529
0.304279
0.317176
0.322088
0.330279
0.332191
0.330853
0.334853
0.336221
0.339412
0.338647
0.338779
0.337926
0.339529
0.340971
0.338706
0.338941
0.307868
0.317500
0.327353
0.331971
0.332588
0.335809
0.335265
0.336441
0.339176
0.340971
0.340162
0.340926
0.337529
0.341103
0.340015
0.342574
0.302118
0.321088
0.328618
0.336206
0.334544
0.338103
0.339779
0.341059
0.343515
0.341471
0.344103
0.344750
0.343103
0.343500
0.345132
0.344779
0.309456
0.320676
0.327691
0.332015
0.333382
0.337971
0.338176
0.339471
0.340456
0.340588
0.340015
0.343250
0.343250
0.342809
0.343809
0.343338
0.309368
0.324588
0.329809
0.336559
0.336279
0.341721
0.341588
0.342485
0.343324
0.344912
0.345750
0.343971
0.344471
0.346118
0.345426
0.345426
