0.008598
0.060906
0.072573
0.083214
0.092067
0.097283
0.098627
0.099412
0.102844
0.102947
0.103901
0.104970
0.105590
0.105309
0.105413
0.105352
0.089072
0.101685
0.106961
0.111826
0.112825
0.115082
0.115296
0.116621
0.117824
0.118101
0.118005
0.118869
0.118856
0.119135
0.118968
0.119145
0.096899
0.105654
0.113993
0.117544
0.118608
0.121876
0.122761
0.124415
0.123957
0.125341
0.126384
0.125149
0.126587
0.126715
0.126831
0.126770
0.101291
0.111538
0.117542
0.119287
0.121717
0.122931
0.123964
0.124510
0.125622
0.126395
0.126278
0.126414
0.126867
0.126944
0.127045
0.127157
0.111575
0.119280
0.120967
0.126063
0.125924
0.129739
0.129885
0.130584
0.131736
0.131720
0.132492
0.132383
0.133145
0.133109
0.132830
0.133159
0.112765
0.122182
0.126717
0.128571
0.130672
0.131038
0.133156
0.133616
0.134235
0.134248
0.134925
0.135203
0.134598
0.135439
0.135553
0.135239
0.116773
0.123485
0.127573
0.128607
0.131832
0.133765
0.134827
0.135878
0.135459
0.135980
0.136813
0.137317
0.136474
0.137007
0.136628
0.137345
0.118477
0.126412
0.128149
0.131655
0.134861
0.134927
0.135733
0.137516
0.138111
0.138374
0.138600
0.138566
0.138511
0.138766
0.138559
0.139092
0.118489
0.126083
0.130712
0.134732
0.136086
0.136344
0.137559
0.138421
0.139350
0.139852
0.139944
0.140365
0.139960
0.141126
0.140375
0.140208
0.122543
0.129340
0.131530
0.134397
0.138268
0.139348
0.139706
0.140119
0.140914
0.141043
0.141072
0.141806
0.141120
0.141355
0.141861
0.141112
0.125759
0.133192
0.137859
0.140169
0.141723
0.142144
0.142674
0.143386
0.144079
0.145140
0.145111
0.145098
0.144760
0.145154
0.145358
0.145637
0.125167
0.133053
0.137708
0.139112
0.140827
0.142299
0.143031
0.144497
0.143987
0.144613
0.144996
0.145055
0.145586
0.145330
0.144984
0.144669
0.128839
0.136111
0.138688
0.142028
0.143270
0.144657
0.145189
0.145931
0.146946
0.147230
0.147301
0.147424
0.146794
0.147303
0.147904
0.147184
0.132827
0.137696
0.140616
0.144104
0.145448
0.147896
0.149341
0.149432
0.149832
0.150041
0.149748
0.150696
0.151063
0.151194
0.151362
0.150923
0.131326
0.138966
0.142274
0.144869
0.146419
0.147728
0.147969
0.149104
0.150204
0.150027
0.150457
0.150690
0.150502
0.150484
0.150562
0.150981
0.130950
0.137264
0.140259
0.144935
0.146228
0.145911
0.148402
0.148596
0.149841
0.150059
0.149846
0.150107
0.150053
0.150846
0.149900
0.149921
0.134307
0.139650
0.143872
0.146227
0.147046
0.148946
0.148956
0.149205
0.150685
0.150889
0.150522
0.151529
0.150601
0.151989
0.151988
0.152103
0.130840
0.140213
0.144823
0.148180
0.148409
0.150321
0.150972
0.151240
0.152230
0.151893
0.152744
0.153117
0.152480
0.152648
0.153317
0.153127
0.133569
0.139744
0.144124
0.146964
0.147376
0.149581
0.149620
0.150521
0.151033
0.151180
0.151325
0.152431
0.152496
0.152244
0.152653
0.152170
0.133997
0.141063
0.144880
0.148770
0.148021
0.150399
0.151221
0.152083
0.152136
0.152667
0.153269
0.152948
0.152963
0.153407
0.153246
0.153204
