0.063049
0.099223
0.114058
0.121488
0.127053
0.131721
0.133713
0.137069
0.137373
0.138642
0.138588
0.139210
0.139727
0.139684
0.140353
0.139863
0.113969
0.125499
0.133569
0.140195
0.142098
0.145177
0.144859
0.146681
0.147168
0.147906
0.147521
0.148281
0.148291
0.148172
0.148802
0.148523
0.121752
0.133872
0.141108
0.147320
0.147616
0.149516
0.150712
0.153542
0.152660
0.153387
0.154497
0.154335
0.154984
0.153776
0.155496
0.155036
0.127411
0.138726
0.142898
0.147663
0.151392
0.153113
0.154688
0.156805
0.156628
0.157101
0.157121
0.157033
0.158237
0.157431
0.158079
0.157940
0.135362
0.144963
0.151701
0.155634
0.154040
0.158396
0.159880
0.160143
0.160517
0.161081
0.161964
0.162441
0.162667
0.162763
0.163312
0.162557
0.138855
0.148173
0.154579
0.156208
0.158507
0.162073
0.163847
0.163071
0.164514
0.164358
0.166351
0.165337
0.166066
0.166845
0.166337
0.165965
0.134080
0.146628
0.149154
0.155672
0.159243
0.160669
0.161430
0.163423
0.164342
0.165427
0.163842
0.165103
0.164584
0.165986
0.166079
0.165341
0.141799
0.152683
0.157551
0.160790
0.164291
0.165924
0.166393
0.168039
0.167972
0.170124
0.170507
0.170161
0.170378
0.170851
0.171059
0.170600
0.145063
0.152884
0.158084
0.160719
0.163719
0.164840
0.167358
0.168374
0.169689
0.170874
0.170541
0.170429
0.170052
0.170205
0.170981
0.171262
0.143874
0.157744
0.163296
0.166316
0.167893
0.169803
0.171567
0.171324
0.171960
0.172946
0.173531
0.174050
0.174261
0.173900
0.174047
0.173859
0.148916
0.156897
0.163117
0.168696
0.169684
0.170774
0.173319
0.173847
0.174953
0.174508
0.175448
0.175835
0.176127
0.175801
0.175943
0.176074
0.151099
0.159653
0.165958
0.169509
0.170726
0.173084
0.173242
0.174842
0.175857
0.176544
0.177004
0.176955
0.176823
0.177357
0.176984
0.177040
0.154406
0.162067
0.167182
0.170212
0.174713
0.174248
0.175949
0.177244
0.177754
0.177730
0.178195
0.178456
0.178468
0.178748
0.178479
0.178690
0.152855
0.162601
0.167700
0.170945
0.171082
0.171719
0.174180
0.175674
0.176247
0.176803
0.176873
0.176203
0.177604
0.177471
0.177770
0.178414
0.155663
0.163881
0.167851
0.171191
0.172212
0.174328
0.175502
0.176300
0.176983
0.178068
0.178621
0.178074
0.178379
0.178687
0.179038
0.179054
0.153715
0.163591
0.166159
0.171002
0.173764
0.174441
0.176110
0.177582
0.178404
0.177703
0.178850
0.179301
0.178578
0.178519
0.179257
0.179296
0.154966
0.162980
0.168309
0.168996
0.172430
0.175096
0.174070
0.176195
0.177314
0.177052
0.178525
0.178219
0.177562
0.178670
0.178314
0.178600
0.157199
0.164517
0.169277
0.172077
0.174421
0.175663
0.177123
0.179033
0.178372
0.179292
0.179235
0.178484
0.179915
0.180010
0.179602
0.179622
0.158837
0.166359
0.170521
0.173475
0.175887
0.178523
0.179376
0.180032
0.179222
0.180735
0.180753
0.180537
0.181830
0.182368
0.181762
0.181303
0.161315
0.169062
0.173630
0.175345
0.177862
0.179283
0.180808
0.180574
0.180122
0.181844
0.181146
0.181558
0.182323
0.181986
0.181717
0.182650
