0.146324
0.211588
0.229985
0.241912
0.250162
0.259676
0.261824
0.267750
0.267706
0.270235
0.270059
0.269985
0.271941
0.271500
0.272868
0.271382
0.233441
0.251250
0.261897
0.272779
0.275750
0.281000
0.278706
0.282647
0.283647
0.284912
0.283662
0.285103
0.284765
0.284632
0.285779
0.284809
0.244426
0.259735
0.273147
0.281956
0.282647
0.285397
0.288176
0.292926
0.291676
0.291882
0.294015
0.293838
0.295750
0.292897
0.295897
0.295221
0.252309
0.270706
0.275132
0.283853
0.289824
0.292397
0.294412
0.297735
0.297250
0.297794
0.296809
0.296559
0.299471
0.298059
0.298912
0.299926
0.263985
0.278221
0.289132
0.296618
0.292176
0.300544
0.304000
0.303824
0.304382
0.304029
0.305353
0.306044
0.307191
0.307397
0.308441
0.306368
0.269500
0.284809
0.296029
0.297735
0.301588
0.306471
0.309382
0.307309
0.310132
0.309956
0.313324
0.311500
0.312338
0.314309
0.313206
0.312368
0.263132
0.281882
0.285603
0.296412
0.302868
0.304926
0.305221
0.309971
0.311838
0.312118
0.309309
0.311721
0.309809
0.313309
0.313279
0.311779
0.275412
0.290029
0.299353
0.306632
0.309809
0.313088
0.312912
0.314794
0.315544
0.319309
0.319926
0.319103
0.319221
0.319985
0.320559
0.320015
0.279838
0.291485
0.301132
0.302221
0.309015
0.309926
0.313706
0.316676
0.317853
0.319794
0.318956
0.319559
0.318103
0.319132
0.319544
0.320529
0.278603
0.299603
0.309206
0.313912
0.315544
0.318074
0.320853
0.321662
0.321044
0.322603
0.324309
0.324882
0.324779
0.325382
0.324588
0.325206
0.286000
0.299471
0.307750
0.317338
0.318868
0.319735
0.324074
0.324706
0.326676
0.325926
0.327824
0.328500
0.328779
0.329044
0.328191
0.328485
0.291500
0.301603
0.314632
0.317471
0.320044
0.323912
0.323221
0.325691
0.327191
0.328603
0.329574
0.328618
0.328338
0.329676
0.329250
0.328544
0.295368
0.305132
0.313074
0.318721
0.325882
0.325191
0.327779
0.329809
0.329971
0.330103
0.331471
0.331147
0.331132
0.331221
0.331015
0.331044
0.291426
0.308059
0.315897
0.319015
0.320838
0.321353
0.324868
0.327235
0.327382
0.329485
0.328912
0.327750
0.331118
0.330088
0.330191
0.331926
0.296279
0.308132
0.316779
0.319471
0.322324
0.325691
0.327721
0.328294
0.329338
0.331868
0.332015
0.331221
0.332471
0.332250
0.333853
0.333000
0.293412
0.308662
0.311412
0.320485
0.323956
0.325765
0.327191
0.329765
0.331838
0.329882
0.332000
0.333456
0.331588
0.331206
0.332662
0.332412
0.294294
0.307132
0.316397
0.316559
0.322235
0.327265
0.324779
0.327765
0.330324
0.328824
0.331485
0.331368
0.330412
0.332441
0.331191
0.331912
0.297985
0.309779
0.317956
0.322000
0.324882
0.326441
0.329544
0.332132
0.330897
0.332676
0.332412
0.331353
0.333353
0.333574
0.332691
0.332662
0.301015
0.312353
0.319426
0.323809
0.326544
0.331485
0.333029
0.333015
0.332353
0.334971
0.334206
0.334206
0.337618
0.337721
0.336706
0.335926
0.305794
0.317382
0.323485
0.326118
0.331015
0.332456
0.334897
0.334735
0.333765
0.337029
0.334676
0.335926
0.337735
0.336471
0.336456
0.338382
