0.047502
0.076972
0.090141
0.096420
0.101229
0.104839
0.106693
0.109391
0.109831
0.110775
0.110673
0.111442
0.111671
0.111675
0.112174
0.111920
0.089155
0.099167
0.106413
0.111940
0.113674
0.116201
0.116129
0.117625
0.117945
0.118583
0.118395
0.118983
0.119035
0.118940
0.119381
0.119255
0.096342
0.107119
0.113094
0.118451
0.118749
0.120354
0.121315
0.123724
0.122815
0.123565
0.124562
0.124306
0.124708
0.123783
0.125309
0.124843
0.101262
0.110800
0.114487
0.118405
0.121759
0.123142
0.124645
0.126463
0.126310
0.126737
0.126973
0.126906
0.127843
0.127121
0.127727
0.127386
0.107948
0.116630
0.122152
0.125412
0.124362
0.127783
0.128734
0.129174
0.129414
0.130202
0.130862
0.131333
0.131390
0.131468
0.131955
0.131368
0.111035
0.118728
0.124227
0.125683
0.127421
0.130621
0.132166
0.131601
0.132967
0.132630
0.134300
0.133500
0.134152
0.134721
0.134340
0.134003
0.106542
0.117495
0.119682
0.125099
0.128092
0.129267
0.130125
0.131584
0.132324
0.133542
0.132208
0.133148
0.132826
0.133870
0.133948
0.133376
0.113115
0.122971
0.126679
0.129041
0.132685
0.133703
0.134409
0.135998
0.135763
0.137532
0.137889
0.137681
0.137863
0.138330
0.138415
0.137998
0.116189
0.123019
0.127296
0.129957
0.132125
0.133333
0.135540
0.136048
0.137419
0.138376
0.138154
0.137932
0.137663
0.137796
0.138544
0.138671
0.114976
0.126967
0.131673
0.134142
0.135681
0.137371
0.138990
0.138492
0.139294
0.140204
0.140597
0.141064
0.141265
0.140794
0.141108
0.140764
0.119571
0.126285
0.131499
0.136235
0.137182
0.138269
0.140312
0.140873
0.141812
0.141383
0.142097
0.142442
0.142737
0.142333
0.142662
0.142702
0.120920
0.128617
0.133745
0.137184
0.138268
0.140123
0.140465
0.141858
0.142670
0.143234
0.143589
0.143679
0.143644
0.143970
0.143619
0.143772
0.123997
0.130763
0.135214
0.137806
0.141615
0.141175
0.142574
0.143821
0.144313
0.144265
0.144550
0.144960
0.144973
0.145272
0.145008
0.145248
0.122613
0.130936
0.135334
0.138557
0.138411
0.139044
0.141102
0.142556
0.143200
0.143393
0.143578
0.142978
0.144057
0.144036
0.144377
0.144815
0.124980
0.132377
0.135429
0.138727
0.139323
0.141146
0.142140
0.142915
0.143555
0.144188
0.144928
0.144398
0.144542
0.144870
0.145071
0.145249
0.123343
0.131934
0.134315
0.138212
0.140707
0.141219
0.142994
0.144124
0.144712
0.144236
0.145207
0.145357
0.144930
0.145012
0.145521
0.145601
0.124561
0.131509
0.135923
0.136675
0.139675
0.141852
0.140952
0.142862
0.143716
0.143748
0.144946
0.144539
0.144005
0.144921
0.144721
0.144970
0.126463
0.132689
0.136863
0.139335
0.141397
0.142611
0.143763
0.145369
0.144799
0.145586
0.145502
0.144920
0.146162
0.146305
0.145945
0.145982
0.127735
0.134330
0.137909
0.140431
0.142868
0.144909
0.145559
0.146376
0.145533
0.146856
0.146936
0.146707
0.147622
0.148213
0.147684
0.147269
0.129915
0.136638
0.140840
0.142232
0.144194
0.145764
0.146959
0.146777
0.146453
0.147720
0.147336
0.147631
0.148185
0.147941
0.147707
0.148417
