0.082684
0.128038
0.142888
0.148250
0.152582
0.156405
0.157856
0.159108
0.161364
0.160867
0.161853
0.161710
0.162588
0.162714
0.162691
0.163001
0.125024
0.141104
0.148793
0.152453
0.156298
0.157854
0.160051
0.160297
0.162495
0.162323
0.162188
0.163146
0.162853
0.163442
0.163481
0.163358
0.142230
0.151302
0.158197
0.160734
0.162151
0.165483
0.165835
0.167391
0.167269
0.167389
0.168299
0.168444
0.168744
0.169663
0.169109
0.169416
0.149796
0.157121
0.162942
0.165747
0.168586
0.169508
0.170837
0.170627
0.171885
0.172591
0.172798
0.172572
0.172699
0.173269
0.173023
0.172837
0.155392
0.162964
0.166187
0.168155
0.170736
0.172139
0.173045
0.174210
0.173912
0.175223
0.175721
0.175924
0.175242
0.175957
0.175883
0.175989
0.158707
0.167984
0.170974
0.175119
0.175175
0.176716
0.178159
0.178989
0.179420
0.179616
0.179134
0.179537
0.180011
0.179984
0.179787
0.179590
0.161704
0.169496
0.174384
0.175370
0.177725
0.178032
0.179583
0.179940
0.180966
0.181394
0.181097
0.181061
0.181938
0.181870
0.181749
0.181550
0.165791
0.171358
0.174776
0.178106
0.179514
0.180775
0.181909
0.182263
0.182358
0.183047
0.183772
0.183321
0.183688
0.183227
0.183922
0.183878
0.169160
0.175820
0.178410
0.178851
0.180974
0.183013
0.183542
0.184838
0.184784
0.185316
0.185362
0.185356
0.185150
0.185581
0.185919
0.185865
0.171494
0.175977
0.179443
0.182396
0.181989
0.184503
0.184431
0.185160
0.185306
0.186101
0.185863
0.186267
0.186396
0.186580
0.186399
0.186752
0.174609
0.178190
0.179784
0.182274
0.184165
0.185772
0.186949
0.186741
0.187224
0.187173
0.187725
0.187390
0.187630
0.187651
0.187418
0.187999
0.175526
0.178274
0.181412
0.184928
0.185011
0.186096
0.188414
0.187756
0.188966
0.188908
0.188861
0.189342
0.188675
0.189229
0.189841
0.189856
0.178730
0.180455
0.183729
0.186932
0.187859
0.188000
0.188687
0.189975
0.190181
0.190489
0.190686
0.191286
0.190731
0.191076
0.191150
0.191388
0.177299
0.181399
0.186136
0.186146
0.188752
0.189057
0.189986
0.190737
0.191083
0.190866
0.191723
0.191603
0.192176
0.191784
0.192156
0.191859
0.179699
0.183781
0.187048
0.187458
0.189238
0.190938
0.191499
0.191561
0.191936
0.192116
0.192339
0.192423
0.192276
0.192588
0.192935
0.192730
0.179649
0.183340
0.187275
0.188624
0.189323
0.190974
0.191550
0.191684
0.192631
0.193310
0.192912
0.193426
0.193532
0.193583
0.193654
0.193657
0.180552
0.186079
0.188422
0.190435
0.189985
0.192414
0.193004
0.193354
0.193721
0.194170
0.194308
0.194598
0.194364
0.194791
0.194269
0.194337
0.181056
0.187736
0.189732
0.192017
0.191583
0.192633
0.193519
0.193832
0.194332
0.194720
0.194994
0.195578
0.195758
0.195643
0.195615
0.195570
0.180609
0.187218
0.190546
0.191566
0.192332
0.194027
0.194892
0.194971
0.196113
0.195848
0.196421
0.196265
0.196713
0.196612
0.196900
0.196361
0.179727
0.186989
0.189494
0.191690
0.193572
0.194935
0.195399
0.196335
0.196111
0.197380
0.197306
0.197005
0.197521
0.197871
0.197927
0.197885
