0.063055
0.101883
0.114966
0.119381
0.123216
0.126504
0.127812
0.128804
0.130862
0.130383
0.131158
0.131142
0.131785
0.131925
0.131837
0.132167
0.099907
0.113392
0.120124
0.123284
0.126449
0.127881
0.129976
0.130080
0.131806
0.131851
0.131759
0.132539
0.132292
0.132637
0.132714
0.132457
0.114351
0.122235
0.128283
0.130557
0.131512
0.134451
0.134772
0.136028
0.135994
0.136047
0.136755
0.136888
0.137178
0.138065
0.137512
0.137748
0.121379
0.127476
0.132385
0.134809
0.137099
0.137789
0.139089
0.138753
0.139924
0.140576
0.140590
0.140455
0.140640
0.141083
0.140725
0.140668
0.125686
0.132363
0.134995
0.136824
0.138935
0.140018
0.140697
0.141756
0.141645
0.142714
0.143235
0.143432
0.142793
0.143407
0.143314
0.143432
0.128711
0.136274
0.139154
0.142633
0.142718
0.144086
0.145387
0.145939
0.146319
0.146487
0.146202
0.146435
0.146818
0.146823
0.146663
0.146455
0.130946
0.137771
0.142103
0.142779
0.144708
0.145003
0.146345
0.146649
0.147507
0.148065
0.147646
0.147677
0.148322
0.148272
0.148226
0.148070
0.134817
0.139255
0.142376
0.145139
0.146298
0.147536
0.148424
0.148899
0.148811
0.149428
0.150144
0.149753
0.149938
0.149601
0.150139
0.150173
0.137772
0.143172
0.145579
0.146001
0.147654
0.149651
0.149937
0.150865
0.150952
0.151277
0.151428
0.151402
0.151251
0.151578
0.151924
0.151856
0.139522
0.143368
0.146590
0.149101
0.148640
0.150851
0.150780
0.151459
0.151520
0.152128
0.151980
0.152339
0.152395
0.152592
0.152455
0.152786
0.142438
0.145540
0.146782
0.148874
0.150515
0.151810
0.152717
0.152506
0.153156
0.153056
0.153502
0.153175
0.153324
0.153337
0.153189
0.153762
0.143029
0.145321
0.148041
0.151090
0.151311
0.151982
0.153969
0.153498
0.154524
0.154574
0.154379
0.154865
0.154294
0.154739
0.155293
0.155259
0.145774
0.147399
0.150096
0.152831
0.153547
0.153722
0.154310
0.155427
0.155570
0.155923
0.155977
0.156510
0.156031
0.156360
0.156365
0.156609
0.144221
0.147858
0.151993
0.151933
0.154264
0.154517
0.155255
0.155926
0.156228
0.156058
0.156841
0.156696
0.157195
0.156849
0.157147
0.156923
0.146557
0.149925
0.152622
0.153234
0.154750
0.156211
0.156614
0.156681
0.157100
0.157195
0.157426
0.157432
0.157310
0.157600
0.157932
0.157728
0.146426
0.149674
0.153310
0.154350
0.155001
0.156546
0.156916
0.157043
0.157870
0.158523
0.158160
0.158542
0.158677
0.158732
0.158765
0.158739
0.147411
0.152255
0.154100
0.155735
0.155431
0.157491
0.157975
0.158236
0.158652
0.159013
0.159171
0.159388
0.159110
0.159472
0.158960
0.159075
0.147955
0.153667
0.155350
0.157380
0.157045
0.157804
0.158642
0.158867
0.159329
0.159679
0.159853
0.160355
0.160519
0.160380
0.160387
0.160356
0.147536
0.153151
0.155846
0.156989
0.157516
0.158910
0.159693
0.159737
0.160684
0.160529
0.161062
0.160864
0.161249
0.161142
0.161453
0.160956
0.146478
0.152543
0.154982
0.156713
0.158424
0.159506
0.159837
0.160670
0.160386
0.161630
0.161595
0.161303
0.161739
0.162067
0.162070
0.161995
