0.183500
0.252926
0.274559
0.283676
0.289735
0.296368
0.297603
0.300235
0.302897
0.302015
0.304103
0.303324
0.305206
0.305382
0.305603
0.305721
0.246059
0.271779
0.282838
0.288397
0.294809
0.297456
0.300559
0.300324
0.304838
0.303632
0.303353
0.305206
0.304735
0.306029
0.306103
0.306632
0.272985
0.287412
0.296618
0.300544
0.303706
0.309103
0.309279
0.311897
0.311279
0.311956
0.313912
0.313706
0.314000
0.315206
0.314676
0.315382
0.282500
0.294132
0.303824
0.308294
0.313912
0.315676
0.317074
0.317735
0.319176
0.319662
0.321412
0.320676
0.320368
0.321397
0.321721
0.321176
0.293559
0.303779
0.310221
0.312926
0.317118
0.319794
0.321794
0.323088
0.322265
0.324809
0.325015
0.325397
0.324588
0.325529
0.325441
0.325588
0.298456
0.314382
0.318368
0.324809
0.324647
0.326412
0.329029
0.330603
0.331559
0.331824
0.330412
0.331632
0.332382
0.332324
0.331721
0.331691
0.304103
0.315662
0.322676
0.324706
0.328824
0.329500
0.331426
0.332221
0.333882
0.333779
0.334206
0.333691
0.335676
0.335368
0.335191
0.334662
0.308765
0.318735
0.323309
0.328985
0.331544
0.332588
0.335059
0.334706
0.335559
0.336559
0.337382
0.336912
0.337926
0.337059
0.338279
0.337824
0.313750
0.325382
0.329044
0.328897
0.333559
0.335368
0.336735
0.339412
0.339132
0.340353
0.339779
0.340059
0.339353
0.340235
0.340941
0.340853
0.318456
0.325691
0.329838
0.335221
0.334882
0.338603
0.338956
0.339500
0.340029
0.341338
0.340971
0.341794
0.341912
0.341956
0.341853
0.342485
0.323574
0.328162
0.331397
0.334838
0.338250
0.341103
0.343632
0.343147
0.343662
0.343676
0.344279
0.343882
0.344382
0.344662
0.343985
0.344824
0.324456
0.329074
0.333868
0.339279
0.338941
0.341485
0.345088
0.344103
0.345721
0.345338
0.345897
0.346309
0.345294
0.346471
0.347191
0.347221
0.329618
0.331750
0.337574
0.342868
0.344368
0.344544
0.345559
0.347691
0.348147
0.348103
0.348824
0.349647
0.349074
0.349382
0.349632
0.349765
0.328397
0.334059
0.341309
0.341971
0.345456
0.346162
0.347868
0.348647
0.349324
0.348897
0.350147
0.350044
0.350809
0.350206
0.350956
0.350529
0.330985
0.337338
0.343426
0.343059
0.346515
0.348956
0.349809
0.349897
0.350397
0.350897
0.351000
0.351353
0.351044
0.351529
0.351868
0.351809
0.331397
0.337382
0.342353
0.345265
0.346294
0.348426
0.349897
0.349824
0.351353
0.351941
0.351618
0.352794
0.352647
0.352735
0.353118
0.352985
0.332868
0.340559
0.345000
0.348706
0.347824
0.351647
0.352985
0.353294
0.353868
0.354721
0.354544
0.355250
0.355191
0.355882
0.355265
0.355162
0.332721
0.343985
0.347103
0.349632
0.349588
0.351853
0.352956
0.353162
0.354132
0.354838
0.355456
0.356441
0.356618
0.356515
0.356324
0.356279
0.332074
0.342794
0.348250
0.349765
0.351162
0.354191
0.354794
0.355456
0.357279
0.356618
0.357279
0.357191
0.357897
0.357926
0.358206
0.357471
0.331794
0.344353
0.347088
0.350662
0.353368
0.355882
0.356794
0.357868
0.357971
0.359397
0.359368
0.359074
0.359647
0.360397
0.360618
0.360412
