0.070222
0.117018
0.137474
0.146031
0.152343
0.155603
0.158244
0.159222
0.160662
0.161900
0.162084
0.162902
0.162936
0.163342
0.163866
0.164153
0.062500
0.122742
0.138224
0.148416
0.151833
0.155912
0.159048
0.159832
0.161239
0.161296
0.161211
0.162190
0.162910
0.162416
0.162505
0.162826
0.055569
0.118599
0.135930
0.145835
0.150374
0.154599
0.157091
0.159073
0.159868
0.161287
0.162053
0.162301
0.162665
0.162573
0.162838
0.162851
0.054694
0.105942
0.129643
0.142533
0.148202
0.154942
0.157970
0.159952
0.160494
0.163127
0.163298
0.163862
0.164746
0.164887
0.164594
0.165114
0.056758
0.110381
0.140603
0.150734
0.157088
0.161569
0.165106
0.167253
0.167059
0.169047
0.169073
0.169931
0.169495
0.170240
0.170575
0.170532
0.069210
0.126204
0.144683
0.153608
0.159394
0.162011
0.165537
0.166500
0.168193
0.167872
0.168896
0.169371
0.169776
0.170642
0.170322
0.169732
0.059565
0.113197
0.135065
0.144785
0.150759
0.154697
0.158091
0.159363
0.161018
0.161747
0.162741
0.163643
0.163733
0.163780
0.164126
0.164470
0.070815
0.118656
0.141390
0.150721
0.157133
0.161807
0.165714
0.166496
0.168493
0.168848
0.169984
0.170839
0.170980
0.171543
0.172187
0.172535
0.054386
0.115112
0.135020
0.145306
0.152422
0.155410
0.157923
0.159366
0.160751
0.162267
0.162115
0.162560
0.162885
0.163099
0.163298
0.162838
0.064195
0.116427
0.136668
0.146000
0.151679
0.154892
0.158012
0.159440
0.160820
0.161902
0.162411
0.162595
0.163308
0.163286
0.163865
0.163465
0.042950
0.111103
0.132426
0.141898
0.149993
0.153413
0.156047
0.157392
0.159484
0.160439
0.161116
0.160886
0.161394
0.161376
0.161655
0.162005
0.059140
0.115862
0.131377
0.143176
0.147902
0.152331
0.155329
0.158053
0.159226
0.160213
0.161130
0.161584
0.161424
0.162046
0.162859
0.162533
