0.053101
0.092926
0.110025
0.117224
0.122643
0.125394
0.127675
0.128541
0.129791
0.130768
0.131014
0.131744
0.131720
0.132130
0.132529
0.132843
0.046893
0.097844
0.110915
0.119894
0.122712
0.126116
0.128886
0.129517
0.130817
0.130740
0.130871
0.131659
0.132293
0.131871
0.131923
0.132221
0.041846
0.093963
0.108853
0.117559
0.121516
0.125211
0.127060
0.129088
0.129714
0.130871
0.131533
0.131747
0.132080
0.132021
0.132229
0.132380
0.040946
0.082552
0.102796
0.114065
0.119149
0.124801
0.127564
0.129480
0.129848
0.132105
0.132188
0.132845
0.133362
0.133672
0.133416
0.133770
0.043220
0.087235
0.113190
0.121666
0.127156
0.131086
0.134006
0.135926
0.135707
0.137534
0.137517
0.138248
0.137906
0.138488
0.138776
0.138742
0.052676
0.100274
0.115811
0.123512
0.128441
0.130845
0.133947
0.134719
0.136128
0.135905
0.136656
0.137147
0.137521
0.138187
0.137973
0.137430
0.045361
0.089613
0.108014
0.116417
0.121563
0.125049
0.128225
0.129174
0.130603
0.131127
0.131994
0.132815
0.132955
0.132951
0.133186
0.133581
0.053281
0.093450
0.113415
0.121390
0.126772
0.131212
0.134271
0.135158
0.136731
0.137176
0.138194
0.138839
0.138864
0.139403
0.140035
0.140157
0.040694
0.091466
0.108472
0.117083
0.123280
0.125942
0.127913
0.129263
0.130304
0.131751
0.131601
0.131922
0.132171
0.132423
0.132683
0.132167
0.048035
0.092152
0.109406
0.117477
0.122375
0.125052
0.127723
0.129027
0.130117
0.131150
0.131603
0.131767
0.132410
0.132384
0.132831
0.132495
0.031978
0.086940
0.105751
0.113749
0.121187
0.123870
0.126386
0.127483
0.129185
0.130150
0.130640
0.130511
0.130792
0.130937
0.131030
0.131406
0.044871
0.090888
0.104178
0.114340
0.118475
0.122164
0.125044
0.127466
0.128346
0.129256
0.130148
0.130563
0.130509
0.131107
0.131611
0.131336
