0.162515
0.234368
0.267118
0.281103
0.290279
0.295912
0.299529
0.300485
0.303294
0.305294
0.305294
0.306324
0.306353
0.307147
0.308162
0.308338
0.145735
0.244191
0.267088
0.282412
0.288603
0.295235
0.299603
0.300956
0.302632
0.302941
0.302265
0.303868
0.304647
0.304235
0.304397
0.304691
0.130397
0.238544
0.263971
0.278471
0.284794
0.291132
0.296103
0.298074
0.299132
0.301824
0.302882
0.303368
0.303603
0.303721
0.303838
0.303441
0.127721
0.220529
0.257441
0.276015
0.284368
0.295059
0.299426
0.301515
0.302765
0.307279
0.307279
0.307588
0.310324
0.309529
0.309118
0.310397
0.129868
0.224809
0.269515
0.286132
0.295809
0.302868
0.308706
0.311662
0.311485
0.314221
0.314544
0.315868
0.315044
0.316441
0.316882
0.316809
0.155088
0.250132
0.279353
0.293382
0.302338
0.305632
0.311265
0.313059
0.315603
0.314662
0.317382
0.317294
0.318176
0.319779
0.319000
0.318191
0.135412
0.229926
0.263559
0.278265
0.287574
0.293132
0.297588
0.300132
0.302191
0.303897
0.305397
0.306735
0.306353
0.306765
0.307338
0.307779
0.163103
0.240912
0.273059
0.287338
0.297750
0.302838
0.310338
0.310426
0.314353
0.314279
0.316235
0.317588
0.318294
0.318809
0.319721
0.320662
0.128324
0.230382
0.260574
0.277529
0.288706
0.292971
0.297515
0.299368
0.301838
0.303706
0.303706
0.304706
0.305029
0.305088
0.305176
0.304824
0.149735
0.233529
0.265588
0.279574
0.288647
0.294000
0.298706
0.300941
0.303103
0.304456
0.304985
0.304971
0.306412
0.305676
0.307279
0.306603
0.102279
0.231044
0.259574
0.275309
0.285279
0.291956
0.295147
0.297515
0.301265
0.302118
0.303441
0.302706
0.304132
0.303368
0.304500
0.304515
0.135044
0.237956
0.260941
0.278912
0.285221
0.292691
0.296353
0.300426
0.302412
0.303809
0.304662
0.305544
0.305088
0.305632
0.307912
0.307074
